stomp	16.388619444933333	1298011.43727761	3	1592
stomp	57.021716069495284	1.3133445803234583E7	21	5079
stomp	17.72766614910177	1519286.5376733541	4	1707
stomp	55.81089116197244	1.5080104859034995E7	19	5402
stomp	52.430665521591685	1.358482627206659E7	19	5191
stomp	12.134597032123946	661349.3275655643	2	1095
stomp	23.183270162759676	2466808.1339117223	6	2114
stomp	30.845112067423443	5725170.0637236275	10	3224
stomp	129.42800452602287	8.187650285892025E7	60	12626
stomp	27.583478150721504	3572073.681806007	9	2595
stomp	15.807713093979428	379807.18019511556	5	849
stomp	106.23731078350913	5.4234160174259685E7	39	10205
stomp	41.81366705226294	8525868.412611455	15	4089
stomp	11.67772737250191	590914.0249578671	3	1006
circle	14.624401021240644	972649.2252290327	5	1315
circle	24.269698087411104	2752318.829258297	9	2284
circle	66.82335098646047	2.1096157893284287E7	28	6307
circle	11.88921388683265	656286.7682284144	4	1102
circle	13.90352834503831	898176.487106918	5	1296
circle	17.266262077993797	1379574.8796023943	6	1599
circle	12.278814305102406	676563.2263390656	4	1101
circle	46.54956366174129	1.0496939536157012E7	21	4505
circle	7.3649734828981295	253374.0263149374	3	694
circle	10.712891227064596	531367.9751753856	3	996
circle	12.995072323528237	782305.5197217871	4	1202
directions	32.74925468840674	4571805.311431491	15	2796
directions	32.37858120801623	2757878.0329739903	15	2184
directions	117.5711779240819	6.1372380974789836E7	54	10420
directions	136.69553818999267	8.4766348536878E7	62	12351
directions	60.17270676584923	1.7450084962096274E7	31	5800
directions 34.5973043055094	5383360.638694601	15	3106
directions 43.577818952307524	8576672.565896712	20	3968
directions 36.78779690857617	5878692.245227779	16	3198
directions 144.88574585238302	1.0505492433850798E8	60	13940
directions 86.42268908975113	3.356995646341767E7	39	8030
stretch	31.121852450914595	4182797.717304556	14	2694
stretch	11.724085506469864	657785.6793832451	4	1111
stretch	74.34808066959593	2.5664959602161348E7	32	6902
stretch	46.3713484680581	9501489.866609355	21	4099
stretch	36.638169422542944	6061214.09891916	19	3403
stretch	14.026494526393222	893578.8735456697	6	1287
stretch	26.679775586968777	3135221.02438012	12	2375
stretch	17.996390730696042	1488711.4937048964	7	1627
stretch	25.995307279336316	3049548.4898998626	11	2323
stretch	20.36741355254987	1953278.3744394735	8	1909
stretch	12.788935121944002	794427.8677555883	5	1221
stretch	10.828561687660494	557792.7482335016	4	1015
lift	19.822068857793308	1510536.7928943676	5	1512
lift	26.04706131190458	2448242.08506638	5	1939
lift	20.87713616090122	2004072.1536796258	5	1697
lift	27.604588061274033	3039265.772923272	7	2201
lift	32.13836787553866	4329043.509229704	8	2697
lift	66.8861160837348	1.9758167760439135E7	28	5904
lift	87.83732011093721	3.337964559749132E7	37	7550